0100110
1001110
0110101
1110100
0010111
0000000
0110001
0011011
0010110
1000000
1111010
0100101
0111010
1001100
1111010
0000001
0111001
1001100
0110101
0011001
0110000
0001111
0110001
1100011
1010110
0000000
0111011
0111010
0110000
0001110
0111011
0010110
0010001
0111100
0110001
1100010
0110011
0101100
0111010
0011111
0111010
0011101
0010110
0000000
0110101
1111100
0100001
0101100
0111010
0100110
0111110
0111011
0110001
0111111
1111010
0010110
0110011
1011001
0010110
1000010
0010100
0000000
0110001
0000011
0010100
1000000
0110001
0010110
0110001
1001011
0011010
0011001
0110011
0111100
0010110
0000000
0111010
0111101
0111010
0101111
0110001
0001011
0111110
0100011
0110011
1011110
0110001
1111011
0110000
1010100
0000110
1000000
0110000
1110111
0111010
0010111
0010110
0000000
0110000
0001011
0010010
0000000
0011010
0010110
0110001
1111111
0110010
1101100
0111010
0100111
0111001
0101100
0101010
0011110
1010110
0000000
0110001
1101001
1110001
0001011
0111011
1011110
0010010
0000001
0010001
0010110
0110000
0101100
0011110
0000100
0110001
0001111
0111000
0011101
0111010
0111101
1110001
1011111
0110101
0011101
0110011
1001110
0110001
0001011
0111010
0100111
0110101
0101100
0100001
0100111
0010010
0000000
0111010
0111110
0110001
1101110
1111010
0000111
0100001
1000101
0010111
0000000
0100001
1101101
0111010
0101100
0110000
1110010
0111110
0101111
0111001
1001100
0101010
0000000
0110001
1110010
0110001
0101100
0010010
0000000
0111011
0101100
0111010
0011111
0111001
0101000
0011010
0010100
0010110
0000010
0110001
0000111
0110011
0101100
0111010
1110001
0110001
1001110
1110001
0011101
0110001
0001100
0111010
0111101
1010110
0000000
0111110
0011101
0111010
0001100
0110011
0011101
0110001
1010101
0011110
0000000
0110001
0001011
1111010
0011101
0010100
0000001
0110001
1101001
1110001
1111111
0110001
0010010
0110001
1001110
0110001
1100110
0110001
0101100
0010110
0010000
0111010
0000000
0110001
0000101
0010001
1111101
0110000
1110100
0100001
0101100
0111000
0011101
0010110
1111100
0010010
0000000
0010111
0000001
1101100
0111010
0100001
1000101
0110001
0101110
0110000
1110100
0000110
0000000
0110010
0100111
0110001
1000001
0110001
0101101
0010100
0000001
0110001
0110100
0110001
0101100
0111010
0100111
0101010
0101010
0110001
1011111
0111010
0010110
0100001
1111000
0010110
0001000
0010001
1111111
0111010
0010000
0010001
0101100
0111010
0110110
0110001
0001011
0111010
0100111
1110001
0101100
0011010
0111101
0010110
0000000
0110001
1011110
0110101
1110100
0010110
0000000
0110001
0001010
1010110
0000000
0110001
0011111
0110001
0101100
0110001
1110100
0111010
0100011
1111010
1010110
0110001
0001001
1110001
1100010
0110011
1001010
0111010
1010011
0010001
0101000
0110001
0100111
0011110
0100000
0110101
1111001
0100001
0001001
0110101
1110100
0110001
1110100
0110001
0101100
0110010
0011110
0010110
1100010
0010110
0001000
0101010
0101111
0010001
1000100
0110001
0101000
0010010
0000010
0110001
0010100
0110011
0101011
0101010
0011001
0111001
0101100
0010110
0000010
0111010
0011101
0111110
0100111
0110001
0001011
0111011
0100111
1110001
1001110
0100001
1111111
0110001
1010100
0010110
0001000
0110000
1111011
0110010
0011110
0010110
0000000
0111010
0000111
0110000
1000100
0110011
0111100
0010100
0000000
0111010
0010110
0110000
1111111
0111010
0001100
0111011
0000111
0110101
0101100
0110010
0010110
0010100
0000010
0110001
0100111
0110001
1001110
0110001
0011101
0111110
1100111
0110000
0001011
0101010
0110111
0110001
0101100
0111010
0011111
0000110
0000000
0111010
0100011
0110000
1000101
0110011
0101100
0110110
0000010
0111000
0100111
0101010
0010110
0100001
0001011
0110001
0110100
0111011
0010101
0110000
0101001
0110001
1011110
0011010
0111101
1111010
0011001
0010001
1101110
0110001
1111101
0110001
1110100
0110110
0000100
0111011
1011101
0100001
0011100
0110011
1000101
0110001
0101000
0111001
0000111
0111000
0101110
0110001
1000010
0110001
0101100
0010110
1000010
0010010
0100000
1110001
1001110
0010110
1110100
0110001
0101100
0010110
1010100
0010100
1100010
0010110
0000100
0111000
0111010
0110001
1010101
0110001
1001110
1110001
0001101
0110101
1100101
0010111
0010000
0110001
0100111
0110101
0101100
0111010
0110001
0110001
1001110
0110001
0001101
0110001
0101110
0111011
0011101
0010110
0000100
0111010
0011001
0110101
1000101
0110000
1111111
1111010
0100100
0110001
1100010
0110101
0100110
0010110
0000000
0111010
0100101
0111010
0011110
0110001
0001010
0110001
1110100
0111010
0011101
0110011
1101001
0110101
1001010
0111010
0100111
0010110
1100110
0011110
0000001
0110000
0001011
0111010
0000111
0010010
0000000
0111011
0111010
0111001
1000101
0110101
0001011
0111010
0100110
0010010
0000010
0011010
0100110
0110001
1001110
0100001
1101011
0110001
0101100
0010110
1100000
0010110
0000000
0110001
0010001
0110001
1111011
0011010
0000110
0110110
0010000
0110101
1000101
0110101
1111111
0111010
0111010
0010110
0010000
0100001
1100110
0111001
1110111
0111001
0110100
0110000
0111010
0010110
1100010
1010110
0001000
0110001
0101100
0111010
1100111
0110001
0011101
0010110
0110100
0010111
0000000
0101100
0100111
0110001
1000101
0010001
0101000
0000110
0000000
0010001
0011110
0100001
0001011
0011010
0011101
0110001
1101100
0010110
0000010
0111010
0011101
0111010
0100111
1110001
0001011
0011010
0100111
0110001
1001110
1110001
1111111
0110000
1110101
0010110
0000000
0110001
1110111
0111000
0011110
0010110
0000010
0111110
0100111
1110001
1000101
0110000
0111100
0010110
1000000
0111110
0110110
0010001
1110111
0111010
0100100
0110010
0000111
0110001
0101100
0111010
0010100
0010100
0000010
0110101
1110000
1110001
0001100
0110001
0101101
0110101
0100111
0111011
0011101
0010111
0000000
0111010
0101111
1110001
1111111
0010100
0010000
0110101
1111000
0010001
1110100
0110101
0111111
0111011
0111010
0110110
1000000
0111110
0000111
0110001
1001101
0110001
0101100
1010110
0001000
0111010
0011101
0110000
0101101
0111010
0100111
0110110
0000000
0110001
1111111
1110001
0010001
0010110
0000000
0110011
0001011
0110001
0011101
0110010
0100111
1110001
1001100
0110010
0110001
0100001
0101100
0010110
0000001
0110011
0100111
0110000
1101100
0111010
1110001
0110001
1001111
0110000
0011001
0110001
0100100
0111000
1011101
0010010
0000010
0010001
1001110
0111001
1110110
0010110
0000010
0111010
0100111
0110001
1000101
0110001
0001100
0000110
0000000
0110001
1100100
0110001
0101110
0111110
0100111
1111010
0111010
1110001
1111101
0011010
0011110
0110001
1010000
0010110
1100000
1010110
0000001
0110001
0010110
0100001
0001001
0110010
0011101
0110001
0101000
0110001
0100111
0010010
0000000
0110001
1111011
0110001
1110101
0010110
0000000
0111010
0111000
0110000
1010101
0110101
1000110
0110001
0010101
0110001
1000101
0000110
0000000
1110001
1101110
0111010
0100111
1010110
0000000
0110001
0011101
0110001
0011011
0110001
1110110
0010110
1000000
1110001
0001101
0100001
0001010
0110001
1100010
0110000
0011101
0111010
0100100
1110001
1100010
0110001
0000011
0111010
0100110
0110001
0101100
0010110
1000000
0111010
0110111
0110011
0000101
0010001
0101100
0110110
0000010
0110001
0100111
0110001
0000011
0110010
0100111
0110101
1001011
1010110
0010000
0111010
1100111
0111011
0000110
0110001
0000011
0110001
1100100
0111010
0011101
0110000
1101101
0110101
1000110
0111000
0010101
0101010
0011001
0110001
1001100
0110001
1110111
0110101
0110100
0010110
0000000
0111011
0011100
0111001
0011001
0100001
1000001
0110001
0101101
0110101
0100111
0101010
0101101
0110001
1000010
0110001
0101100
0110110
0000000
1111010
0100111
0010001
1110111
0010110
0000000
0110101
1101001
0110001
0101000
0110001
0101110
0111010
1100111
0010110
0000001
0101010
0100001
0110001
0001011
0111000
0010110
0110001
1001110
0110000
1111011
0111010
0101110
0111010
0011101
0010110
1000000
0111010
0000000
0110001
0101100
0111010
0010110
0110011
0110001
0110011
1111111
0111010
0010110
0110001
1101001
0111001
0001011
0110001
1110100
0110001
0011101
0110001
0100100
0010010
0000000
0111010
0110110
0110001
0101100
0111110
0000011
0111010
0101100
0110001
1101110
0111010
0010110
0110101
0101100
0100001
0101001
0110101
0101000
1110001
1110100
0110010
0100011
0111010
0111101
0010100
0010000
0100001
0001001
0110001
0110100
0110011
0100101
0110110
0000000
0110001
0001001
0111010
0110001
0010001
1110111
0110001
1001110
0010001
0100111
0010110
0000000
0110011
0011101
1110001
1111110
0010001
1101010
0110000
1100011
0110001
0001110
0111000
0111101
0110011
1001110
0110011
1111111
0110000
1110100
0010110
1100100
0000000
0000000
0000000
0000000
0000000
0000000
0000000
0000000
0000000
0000000
0000000
0000000
0000000
0000000
0000000
0000000
0000000
0000000
0000000
0000000
0000000
0000000
0000000
0000000
0000000
0000000
0000000
0000000
0000000
0000000
0000000
0000000
0000000
0000000
0000000
0000000
0000000
0000000
0000000
0000000
0000000
0000000
0000000
0000000
0000000
0000000
0000000
0000000
0000000
0000000
0000000
0000000
0000000
0000000
0000000
0000000
0000000
0000000
0000000